1 2 4 230 90 210 110
1 2 16 230 170 210 150
1 2 5 150 110 130 130
1 1 3 110 130 130 130
2 2 5
1 2 8 150 130 130 130
2 2 8
1 2 12 170 150 150 130
1 2 2 170 90 150 110
1 2 11 150 150 130 130
2 2 11
1 1 4 90 150 110 130
1 1 2 90 110 110 110
1 2 15 190 170 170 150
1 2 14 170 170 150 150
1 2 2 150 110 130 130
2 2 2
1 2 1 190 70 170 90
1 2 17 190 190 170 170
1 1 1 70 90 90 110
1 1 5 70 170 90 150
1 2 12 150 130 130 130
2 2 12
1 2 18 210 210 190 190
1 2 0 210 50 190 70
1 1 4 110 130 130 150
1 1 3 130 130 150 150
2 1 3
1 2 6 170 110 150 130
1 1 5 90 150 110 150
1 1 0 50 70 70 90
1 2 1 170 90 150 110
1 1 2 110 110 130 110
1 1 1 90 110 110 110
1 1 6 50 190 70 170
1 2 14 150 150 130 150
2 2 14
1 2 15 170 150 150 150
1 2 10 190 130 170 110
1 1 4 130 150 150 150
2 1 4
1 2 0 190 70 170 90
1 1 5 110 150 130 150
1 1 0 70 90 90 110
1 2 15 150 150 130 150
2 2 15
1 2 6 150 130 130 110
2 2 6
1 1 2 130 110 150 110
2 2 1
1 2 17 170 170 150 150
1 2 16 210 150 190 130
1 1 5 130 150 150 150
2 2 17
1 2 18 190 190 170 170
1 1 6 70 170 90 170
1 2 9 170 130 150 110
2 1 2
1 2 13 190 150 170 150
1 1 1 110 110 130 110
1 2 7 190 110 170 130
1 1 6 90 170 110 170
1 2 18 170 170 150 150
2 2 18
2 2 9
1 1 5 150 150 170 150
2 2 13
1 1 1 130 110 150 110
1 1 0 90 110 110 110
2 1 5
1 1 6 110 170 130 150
1 2 10 170 110 150 110
2 2 10
1 2 0 170 90 150 110
2 1 1
1 2 3 190 90 170 110
1 2 7 170 130 150 150
1 1 0 110 110 130 110
1 1 5 170 150 150 150
1 1 6 130 150 150 150
2 2 7
2 2 0
1 2 0 150 110 130 110
1 2 16 190 130 170 150
1 2 4 210 110 190 130
1 1 0 130 110 150 110
1 2 3 170 110 150 110
2 2 3
1 1 6 150 150 170 150
2 2 16
1 1 0 150 110 170 130
1 2 4 190 130 170 130
2 2 4
